Mean: 0.90 
Standard Deviation: 0.15 
Variance: 0.02 ^2
Median: 0.97 
Mode: ModeResult(mode=0.9877777778440052, count=658)
Range: 1.00 
25th, 50th, 75th, 90th, 95th Percentiles: [0.88444444 0.96888889 0.98555556 0.98888889 0.99      ]
Interquartile Range (IQR): 0.10 
Skewness: -2.87
Kurtosis: 9.54
Minimum: 0.00 
Maximum: 1.00 
95% Confidence Interval: (0.8997295086576651, 0.9043740672061609)
