Mean: 0.00 
Standard Deviation: 0.00 
Variance: 0.00 ^2
Median: 0.00 
Mode: ModeResult(mode=0.0044444444444404025, count=3667)
Range: 0.02 
25th, 50th, 75th, 90th, 95th Percentiles: [0.00333333 0.00444444 0.00555556 0.00666667 0.00777778]
Interquartile Range (IQR): 0.00 
Skewness: 0.67
Kurtosis: 1.93
Minimum: 0.00 
Maximum: 0.02 
95% Confidence Interval: (0.004179153583884271, 0.004246221030105068)
