Mean: 0.08 
Standard Deviation: 0.12 
Variance: 0.01 ^2
Median: 0.02 
Mode: ModeResult(mode=0.003333333333203983, count=1329)
Range: 0.67 
25th, 50th, 75th, 90th, 95th Percentiles: [0.00555556 0.02222222 0.1        0.22555556 0.39333333]
Interquartile Range (IQR): 0.09 
Skewness: 2.21
Kurtosis: 4.44
Minimum: 0.00 
Maximum: 0.67 
95% Confidence Interval: (0.07639073884669233, 0.08006590729131506)
