Mean: 0.90 
Standard Deviation: 0.14 
Variance: 0.02 ^2
Median: 0.95 
Mode: ModeResult(mode=0.9601388889002718, count=8)
Range: 0.98 
25th, 50th, 75th, 90th, 95th Percentiles: [0.92013889 0.95472222 0.96041667 0.96529167 0.97424306]
Interquartile Range (IQR): 0.04 
Skewness: -3.44
Kurtosis: 12.90
Minimum: 0.00 
Maximum: 0.99 
95% Confidence Interval: (0.8959246395503562, 0.9081789363134696)
