Mean: 7.36 
Standard Deviation: 4.33 
Variance: 18.76 ^2
Median: 7.18 
Mode: ModeResult(mode=0.7305009961128235, count=1)
Range: 65.76 
25th, 50th, 75th, 90th, 95th Percentiles: [ 5.82354081  7.1766119   8.03495336  9.46370611 11.91381416]
Interquartile Range (IQR): 2.21 
Skewness: 5.61
Kurtosis: 55.56
Minimum: 0.73 
Maximum: 66.49 
95% Confidence Interval: (7.1708047119333935, 7.550092382760808)
