Mean: 0.00 
Standard Deviation: 0.00 
Variance: 0.00 ^2
Median: 0.00 
Mode: ModeResult(mode=0.005000000000008085, count=36)
Range: 0.01 
25th, 50th, 75th, 90th, 95th Percentiles: [0.00388889 0.00458333 0.00513889 0.00555556 0.00569444]
Interquartile Range (IQR): 0.00 
Skewness: -1.33
Kurtosis: 1.12
Minimum: 0.00 
Maximum: 0.01 
95% Confidence Interval: (0.004150539195719955, 0.004274835418269383)
