Mean: 0.00 
Standard Deviation: 0.00 
Variance: 0.00 ^2
Median: 0.00 
Mode: ModeResult(mode=0.0, count=5047)
Range: 0.02 
25th, 50th, 75th, 90th, 95th Percentiles: [0.         0.         0.         0.00277778 0.00388889]
Interquartile Range (IQR): 0.00 
Skewness: 4.16
Kurtosis: 21.35
Minimum: 0.00 
Maximum: 0.02 
95% Confidence Interval: (0.0007000132923253763, 0.0007996901272656295)
