Mean: 0.01 
Standard Deviation: 0.03 
Variance: 0.00 ^2
Median: 0.01 
Mode: ModeResult(mode=0.005628517823639775, count=23)
Range: 0.50 
25th, 50th, 75th, 90th, 95th Percentiles: [0.00521485 0.00604545 0.00855102 0.03507916 0.06825015]
Interquartile Range (IQR): 0.00 
Skewness: 5.85
Kurtosis: 67.92
Minimum: 0.00 
Maximum: 0.50 
95% Confidence Interval: (0.013300518936372858, 0.015509483606145513)
