Mean: 1.35 
Standard Deviation: 1.16 
Variance: 1.33 ^2
Median: 1.06 
Mode: ModeResult(mode=0.27, count=45)
Range: 5.83 
25th, 50th, 75th, 90th, 95th Percentiles: [0.36 1.06 2.14 3.03 3.5 ]
Interquartile Range (IQR): 1.78 
Skewness: 1.02
Kurtosis: 0.61
Minimum: 0.08 
Maximum: 5.91 
95% Confidence Interval: (1.3049955982774082, 1.4034259518171097)
