Mean: 0.02 
Standard Deviation: 0.02 
Variance: 0.00 ^2
Median: 0.01 
Mode: ModeResult(mode=0.007716371220020855, count=19)
Range: 0.23 
25th, 50th, 75th, 90th, 95th Percentiles: [0.00709072 0.00793154 0.01062943 0.03798262 0.07079508]
Interquartile Range (IQR): 0.00 
Skewness: 3.54
Kurtosis: 13.92
Minimum: 0.00 
Maximum: 0.23 
95% Confidence Interval: (0.01524857941273761, 0.017313204533232953)
