Mean: 0.10 
Standard Deviation: 0.16 
Variance: 0.03 ^2
Median: 0.04 
Mode: ModeResult(mode=0.003333333333203983, count=1027)
Range: 0.97 
25th, 50th, 75th, 90th, 95th Percentiles: [0.00666667 0.03555556 0.12444444 0.32666667 0.46888889]
Interquartile Range (IQR): 0.12 
Skewness: 2.48
Kurtosis: 6.35
Minimum: 0.00 
Maximum: 0.97 
95% Confidence Interval: (0.10002493040261252, 0.10483021722879211)
