Mean: 0.10 
Standard Deviation: 0.14 
Variance: 0.02 ^2
Median: 0.04 
Mode: ModeResult(mode=0.03416666666665454, count=6)
Range: 0.90 
25th, 50th, 75th, 90th, 95th Percentiles: [0.03541667 0.04083333 0.08118056 0.32041667 0.43798611]
Interquartile Range (IQR): 0.05 
Skewness: 2.79
Kurtosis: 7.80
Minimum: 0.02 
Maximum: 0.92 
95% Confidence Interval: (0.09632140222937188, 0.10853374540203276)
