Mean: 8.27 
Standard Deviation: 4.52 
Variance: 20.47 ^2
Median: 7.90 
Mode: ModeResult(mode=0.0, count=1)
Range: 83.75 
25th, 50th, 75th, 90th, 95th Percentiles: [ 6.89004385  7.89869332  8.74147344 10.4642725  13.28318548]
Interquartile Range (IQR): 1.85 
Skewness: 6.10
Kurtosis: 67.44
Minimum: 0.00 
Maximum: 83.75 
95% Confidence Interval: (8.070743105928525, 8.471743434998952)
