Mean: 0.00 
Standard Deviation: 0.00 
Variance: 0.00 ^2
Median: 0.00 
Mode: ModeResult(mode=0.0, count=4968)
Range: 0.03 
25th, 50th, 75th, 90th, 95th Percentiles: [0.         0.         0.         0.00266667 0.00411111]
Interquartile Range (IQR): 0.00 
Skewness: 5.64
Kurtosis: 43.95
Minimum: 0.00 
Maximum: 0.03 
95% Confidence Interval: (0.0007570479744536257, 0.0008741528146017528)
