Mean: 0.04 
Standard Deviation: 0.12 
Variance: 0.02 ^2
Median: 0.00 
Mode: ModeResult(mode=0.0, count=4944)
Range: 1.75 
25th, 50th, 75th, 90th, 95th Percentiles: [0.         0.         0.         0.11111111 0.22222222]
Interquartile Range (IQR): 0.00 
Skewness: 6.68
Kurtosis: 61.35
Minimum: 0.00 
Maximum: 1.75 
95% Confidence Interval: (0.03940792840679204, 0.04556811991286805)
