Mean: 0.02 
Standard Deviation: 0.03 
Variance: 0.00 ^2
Median: 0.01 
Mode: ModeResult(mode=0.008131776480400334, count=16)
Range: 0.18 
25th, 50th, 75th, 90th, 95th Percentiles: [0.00854701 0.00958733 0.01397653 0.05684718 0.07911346]
Interquartile Range (IQR): 0.01 
Skewness: 3.25
Kurtosis: 11.25
Minimum: 0.00 
Maximum: 0.18 
95% Confidence Interval: (0.018980428745778738, 0.0213742076036992)
